511     202665
963     239000
231     403000
688     392000
34      277500
         ...  
416     149500
745     299800
1392    123000
461     155000
566     325000
Name: SalePrice, Length: 437, dtype: int64
array([-2.97225197e+13, -7.24476457e+13, -1.52923546e+14, -5.03586730e+13,
       -5.97775396e+13, -4.08585416e+13, -1.68608965e+14,  1.68137542e+13,
        1.84840198e+13,  2.29011430e+12, -1.04519855e+14, -1.10271393e+14,
       -1.17592331e+14, -8.06524799e+13, -5.13957671e+13, -2.36942735e+13,
        1.76775867e+11, -6.89536994e+13,  1.42357854e+13, -1.02319288e+14,
       -1.83971879e+13,  3.81305961e+13,  7.17009165e+13,  2.90708290e+13,
       -7.88870173e+13,  1.65082308e+13, -4.01137204e+13,  1.23429238e+13,
       -1.25138358e+14, -9.19572744e+13, -3.37040047e+13,  2.14993058e+13,
       -5.04124865e+13, -3.04947539e+13, -6.04898241e+13,  6.53273698e+13,
        4.10778997e+13,  1.27684459e+14, -5.21498681e+13,  3.10924375e+13,
       -7.29446166e+13,  3.54090942e+13, -7.27768975e+13, -1.10437825e+13,
       -5.59000841e+13, -2.14401619e+13,  6.63005590e+13,  1.95907093e+13,
        4.53993871e+13,  1.67608708e+13,  2.02205985e+13, -5.98142778e+13,
       -8.04645596e+13, -4.28229520e+13,  1.80686172e+13,  3.98608499e+13,
       -6.46577287e+13, -1.09212804e+14,  2.42575320e+13,  2.53789627e+13,
        2.36678499e+13, -3.55263117e+12,  2.96721927e+13,  3.26234290e+13,
       -5.26037999e+13, -2.88484407e+13,  2.41108973e+13, -3.40490158e+12,
        4.77637653e+13, -8.31462797e+13, -1.72790327e+13, -1.24753485e+14,
        6.64092328e+13, -4.04501063e+13,  2.17600152e+13, -1.16672193e+14,
       -1.61912882e+13,  2.25429197e+13,  6.73110143e+13,  9.29449039e+12,
        7.80479783e+12, -2.53583565e+13,  2.16761632e+13,  9.03088312e+13,
       -8.30945467e+12,  3.10162046e+13,  1.28535064e+12,  9.33356380e+13,
        3.72304638e+13,  4.78434798e+13, -4.72196998e+13, -7.52174091e+13,
        4.44573189e+12, -9.96677668e+13,  1.82821156e+13, -4.34464142e+13,
        5.59413288e+13, -1.52400580e+14,  1.22090945e+13,  4.94830434e+13,
       -8.52849475e+12,  6.14049768e+13, -7.08580203e+13,  6.38681828e+13,
        3.73003640e+13, -4.66808549e+13,  2.09963515e+13,  1.41935168e+13,
       -6.39044265e+13, -1.55978992e+13, -7.22062717e+13, -1.17551983e+14,
       -1.70906693e+12, -9.39108071e+12, -6.44676095e+13,  7.90735310e+13,
        1.75413526e+12,  6.36191132e+13, -7.10848245e+13, -6.75386893e+13,
        7.79476687e+12, -1.98294173e+13,  3.94866418e+13,  8.31663789e+12,
       -5.95917239e+13,  1.55454178e+13, -6.67107467e+13, -1.31632081e+13,
        2.44217075e+13, -4.74375996e+13, -5.20145010e+13,  1.42165488e+13,
       -1.41275901e+14, -2.50298211e+13,  4.69292883e+13,  7.40012771e+13,
       -2.97041301e+12, -4.28814567e+13, -7.84459454e+13, -4.68724287e+13,
       -3.04434798e+13,  1.23285239e+13, -1.62904240e+14,  5.64453697e+13,
        4.72293510e+12, -2.62568240e+14,  2.71727163e+13,  1.72898857e+13,
       -7.61893563e+14, -1.12544087e+14,  6.07356226e+13, -5.52228794e+12,
       -1.25846977e+14, -8.32428225e+12, -1.67781632e+14,  5.61348812e+12,
       -4.62203090e+13, -1.34166410e+13, -3.83828355e+13, -3.92250333e+13,
       -3.35440496e+13,  6.88176352e+13, -9.78691753e+13, -4.96913661e+13,
        1.56187086e+13,  3.43631900e+13,  3.28277723e+13, -8.28430181e+13,
       -4.05594316e+13,  7.74705177e+11, -1.41343672e+14, -8.18746001e+13,
        2.45203445e+13,  5.28755027e+13,  5.89801242e+13,  6.26927743e+13,
        5.54337733e+13, -5.35054842e+13,  2.48836085e+13,  5.90592645e+13,
        2.62216999e+13,  5.50455982e+13, -2.05469270e+13,  7.70731823e+12,
        2.60677614e+13, -1.67451077e+13, -2.64678713e+13, -6.37551216e+12,
        6.32814710e+13, -1.39519446e+14,  2.03274820e+13, -6.92343110e+13,
       -1.26156614e+14,  6.58490198e+12, -3.74020970e+13, -4.72695417e+13,
        7.22907147e+13,  2.03029117e+13, -6.26967901e+12, -1.88479065e+13,
       -5.39811199e+13, -1.03718861e+14, -4.08551578e+13,  1.89375028e+12,
       -5.60624753e+12, -5.14338609e+13, -1.75594527e+14,  2.50072875e+13,
       -5.62569234e+13, -1.18277430e+13,  8.91049020e+13,  2.64070007e+13,
       -2.97690913e+13, -7.60186025e+12, -8.35500304e+13, -1.22061410e+13,
        9.87260529e+13,  6.17986179e+12,  6.03228881e+13, -3.31621768e+13,
        3.33085533e+13, -8.23650343e+13,  5.78321920e+13,  1.69476607e+13,
        4.11103869e+13, -2.91887313e+13,  3.55291239e+13, -2.65512293e+13,
       -7.48797583e+13, -2.89245222e+13, -6.22985770e+12,  3.45526075e+13,
        7.30025091e+12, -2.30071159e+13,  2.32273045e+13, -2.54976669e+13,
       -9.78855537e+12, -6.15561935e+13,  7.19659166e+13, -1.66815316e+14,
       -3.04698822e+13, -5.07197932e+12,  6.41862717e+13, -6.51695619e+13,
        4.88537263e+13, -1.71231072e+12,  4.63585271e+12, -5.56151346e+13,
       -3.09985912e+13, -1.80541299e+14, -7.21213926e+13, -3.43950938e+12,
        3.19210407e+13, -9.69268539e+13, -2.03661377e+14, -1.42574160e+14,
       -9.99346739e+14, -5.09405098e+12,  1.17293489e+14,  9.64506349e+12,
        5.79131573e+13,  2.18250016e+13, -1.59770608e+13,  2.66141135e+13,
       -3.73222142e+13, -6.35126371e+14, -5.69368798e+13,  5.60111934e+13,
        4.38781212e+12, -6.27640082e+13, -4.09915515e+13, -6.26681164e+13,
        9.16487887e+13,  2.77405323e+12, -6.29129454e+13,  6.31199181e+13,
       -4.37960897e+13, -6.17609381e+12, -4.07230976e+13,  2.25321439e+13,
        1.02836331e+13, -9.97484862e+13,  6.41074083e+13, -3.51085645e+12,
        5.43329317e+13,  4.29480350e+13, -3.13774823e+13,  8.94377230e+12,
       -7.96463727e+12, -1.40034164e+13, -1.47047617e+14,  7.18281947e+13,
       -4.26182255e+13, -1.49491781e+14,  4.99949715e+13, -6.76715980e+13,
       -9.32612088e+12,  1.45621506e+13, -7.23294388e+13,  1.22531039e+14,
        5.95955990e+12,  5.60111935e+13, -7.17749290e+13, -1.97906228e+13,
       -1.28653899e+13,  5.54712824e+12,  7.38857434e+13,  1.95392144e+13,
       -1.69050542e+14,  4.22654143e+13, -3.45962690e+13, -2.35116322e+13,
       -1.01225780e+14, -1.17491962e+14,  3.72969372e+13, -5.92263889e+12,
       -8.11746918e+13,  7.06459141e+13, -1.00562232e+14, -5.39047619e+13,
        7.36132565e+13, -7.98516648e+12,  1.87556769e+13,  5.22239655e+13,
        1.71874938e+13, -1.29633086e+14,  2.81773350e+13, -1.46011738e+13,
        4.92073649e+13, -6.58162680e+12, -4.95544362e+13,  2.95716736e+13,
       -4.08419999e+13,  5.79982383e+13,  8.99262393e+13,  7.16328558e+12,
       -1.34953591e+14,  3.58690119e+13, -6.09556744e+13, -2.25781282e+13,
        2.26253701e+12,  9.38614516e+13, -1.22531025e+14,  1.37654015e+13,
        7.70319740e+13,  4.05542121e+11,  5.11928653e+13,  1.21110587e+13,
        2.99930733e+13, -7.42862188e+13, -9.54506230e+13,  3.23832914e+13,
       -1.33137196e+14,  2.68580407e+13, -4.95860447e+13,  8.82322503e+12,
        3.40340704e+13, -2.37396158e+13,  9.00017320e+13, -1.21977459e+13,
       -6.71740298e+13, -5.81077833e+13, -9.17460689e+13,  4.15414927e+13,
       -2.82305230e+13,  5.53208669e+13,  7.42459463e+13, -1.39573880e+13,
       -7.46317190e+13,  6.09040506e+13, -5.94809258e+13, -2.97225197e+13,
       -8.18190351e+13,  6.53528874e+12, -7.12526064e+13,  4.22533658e+13,
        6.87833131e+13, -1.94325425e+13,  3.20410129e+12, -9.84504949e+12,
        2.99694613e+13,  4.61465711e+13,  1.88272104e+13,  3.27939689e+13,
       -1.88011080e+14,  2.12323644e+13,  2.57643153e+13,  5.82958549e+13,
       -8.10256094e+14, -1.95095078e+13,  4.41483033e+13, -7.37401492e+11,
       -3.68711830e+13, -8.32488204e+13,  1.17386419e+13, -5.78588589e+13,
        4.01959347e+12, -1.77522865e+14,  3.02885027e+13, -4.45460459e+13,
        7.20768994e+13, -2.94900679e+13, -2.53189336e+13,  4.79193866e+13,
        3.67572863e+13, -4.25864186e+13,  7.10177502e+13, -7.36999371e+13,
        5.77114879e+13, -1.67274550e+13, -1.26243415e+14,  1.68035230e+13,
        8.86689195e+12,  7.17115760e+13,  5.62205612e+13, -1.67968928e+14,
        9.09076124e+13, -9.06410192e+13,  2.76746488e+13, -3.31948414e+13,
       -2.72462452e+13,  2.53975940e+11, -1.57093350e+14,  9.41381957e+13,
        4.50413819e+13,  5.44642691e+13,  3.72608451e+13, -6.21410325e+13,
       -9.59439405e+13,  7.13985914e+13, -3.94858157e+13,  2.61001204e+13,
        2.33664980e+13, -1.24608495e+14,  5.08702064e+13,  5.69829512e+13,
       -9.64546685e+13])